{
 "cells": [
  {
   "cell_type": "code",
   "execution_count": 10,
   "metadata": {},
   "outputs": [],
   "source": [
    "\n",
    "\"\"\"\n",
    "Briar Doty\n",
    "AMATH 584 - midterm\n",
    "11/6/20\n",
    "Full repository available at https://github.com/briardoty/amath584/midterm\n",
    "\"\"\"\n",
    "\n",
    "%matplotlib inline\n",
    "\n",
    "import matplotlib.pyplot as plt\n",
    "import numpy as np\n",
    "import math\n",
    "from functools import reduce"
   ]
  },
  {
   "cell_type": "code",
   "execution_count": null,
   "metadata": {},
   "outputs": [],
   "source": [
    "# V - LU decomposition without pivoting\n",
    "def lu_decomp(A):\n",
    "    \n",
    "    # only works for square matrices\n",
    "    m, n = A.shape\n",
    "    if m != n:\n",
    "        return -1\n",
    "    \n",
    "    # define result matrices\n",
    "    L, U = np.zeros_like(A), np.copy(A)\n",
    "    L_arr = []\n",
    "    \n",
    "    for k in range(m):\n",
    "        \n",
    "        # start with I for L_k\n",
    "        L_k = np.identity(m)\n",
    "        \n",
    "        # update kth column below diagonals\n",
    "        for j in range(k+1,m):\n",
    "            L_k[j,k] = -U[j,k]/U[k,k]\n",
    "            \n",
    "        # store L_k\n",
    "        L_arr.append(L_k)\n",
    "        \n",
    "        # update \"A\" using L_k, building U in the process\n",
    "        U = L_k@U\n",
    "         \n",
    "    # update L\n",
    "    L = np.copy(L_arr[0])\n",
    "    L = np.linalg.inv(L)\n",
    "    for Li in L_arr[1:]:\n",
    "        Linv = np.linalg.inv(Li)\n",
    "        L = L@Linv\n",
    "        \n",
    "    return L, U"
   ]
  },
  {
   "cell_type": "code",
   "execution_count": 115,
   "metadata": {},
   "outputs": [
    {
     "name": "stdout",
     "output_type": "stream",
     "text": [
      "Pivot index: 2\n",
      "Pivot index: 2\n",
      "L:\n",
      " [[ 0.16666667  1.          0.        ]\n",
      " [-0.5         1.          1.        ]\n",
      " [ 1.          0.          0.        ]]\n",
      "\n",
      "U:\n",
      " [[ 6.   0.   3. ]\n",
      " [ 0.  -2.  -0.5]\n",
      " [ 0.   0.   3. ]]\n",
      "\n",
      "A_lu:\n",
      " [[ 1. -2.  0.]\n",
      " [-3. -2.  1.]\n",
      " [ 6.  0.  3.]]\n",
      "\n",
      "Norm(A - A_lu): 0.0\n"
     ]
    }
   ],
   "source": [
    "# Va - demonstrate functionality on pre-defined matrix\n",
    "A = np.array([\n",
    "    [1.,-2.,0],\n",
    "    [-3.,-2.,1],\n",
    "    [6.,0.,3.]\n",
    "])\n",
    "\n",
    "L, U = lu_decomp(A)\n",
    "A_lu = L@U\n",
    "print(f\"L:\\n {L}\\n\")\n",
    "print(f\"U:\\n {U}\\n\")\n",
    "print(f\"A_lu:\\n {A_lu}\\n\")\n",
    "\n",
    "print(f\"Norm(A - A_lu): {np.linalg.norm(A - A_lu)}\")"
   ]
  },
  {
   "cell_type": "code",
   "execution_count": 98,
   "metadata": {},
   "outputs": [
    {
     "name": "stdout",
     "output_type": "stream",
     "text": [
      "Pivot index: 1\n",
      "Pivot index: 3\n",
      "Pivot index: 3\n",
      "L:\n",
      " [[0.76553718 1.3798205  1.         0.        ]\n",
      " [1.         0.         0.         0.        ]\n",
      " [0.96375215 0.62805159 0.04221871 1.        ]\n",
      " [0.53523064 1.         0.         0.        ]]\n",
      "\n",
      "U:\n",
      " [[ 7.22900626e-01  4.19747048e-02  2.30791096e-01  3.70209618e-01]\n",
      " [ 5.55111512e-17  6.42352586e-01  7.41574419e-01  3.55857785e-01]\n",
      " [-7.65954245e-17  0.00000000e+00 -1.06952465e+00 -5.54752001e-01]\n",
      " [-3.16301066e-17  0.00000000e+00  0.00000000e+00  9.35117412e-02]]\n",
      "\n",
      "A_lu:\n",
      " [[0.5534073  0.91846446 0.1303941  0.21967709]\n",
      " [0.72290063 0.0419747  0.2307911  0.37020962]\n",
      " [0.69669703 0.44388378 0.64301845 0.65037819]\n",
      " [0.38691856 0.66481873 0.86510088 0.55400531]]\n",
      "\n",
      "Norm(A - A_lu): 0.236975412014138\n"
     ]
    }
   ],
   "source": [
    "# Vc - demonstrate functionality on random matrix\n",
    "m = 4\n",
    "A = np.random.rand(m,m)\n",
    "\n",
    "L, U = lu_decomp(A)\n",
    "A_lu = L@U\n",
    "print(f\"L:\\n {L}\\n\")\n",
    "print(f\"U:\\n {U}\\n\")\n",
    "print(f\"A_lu:\\n {A_lu}\\n\")\n",
    "\n",
    "print(f\"Norm(A - A_lu): {np.linalg.norm(A - A_lu)}\")"
   ]
  },
  {
   "cell_type": "code",
   "execution_count": 111,
   "metadata": {},
   "outputs": [],
   "source": [
    "# V - LU decomposition with pivoting\n",
    "def lu_decomp(A):\n",
    "    \n",
    "    # only works for square matrices\n",
    "    m, n = A.shape\n",
    "    if m != n:\n",
    "        return -1\n",
    "    \n",
    "    # define result matrices\n",
    "    L, U = np.zeros_like(A), np.copy(A)\n",
    "    L_arr = []\n",
    "    P_arr = []\n",
    "    \n",
    "    # loop over columns\n",
    "    for k in range(m):\n",
    "        \n",
    "        # start with I for L_k\n",
    "        L_k = np.identity(m)\n",
    "        \n",
    "        # choose pivot\n",
    "        P_k = np.identity(m)\n",
    "        if k < m - 1:\n",
    "            pi = k + 1 + np.argmax(np.abs(U[k+1:,k]))\n",
    "#             print(f\"Pivot index: {pi}\")\n",
    "\n",
    "            # define permutation\n",
    "            row_k = np.array(P_k[k])\n",
    "            P_k[k] = P_k[pi]\n",
    "            P_k[pi] = row_k\n",
    "            #print(f\"Perm:\\n {P_k}\\n\")\n",
    "\n",
    "            # apply permutation\n",
    "            U = P_k@U\n",
    "            \n",
    "        # store P_k\n",
    "        P_arr.append(P_k)\n",
    "        \n",
    "        # update each row below diagonal in kth col\n",
    "        for j in range(k+1,m):\n",
    "            L_k[j,k] = -U[j,k]/U[k,k]\n",
    "            \n",
    "        # L_k\n",
    "        L_arr.append(L_k)\n",
    "        \n",
    "        # update \"A\" using L_k, building U in the process\n",
    "        U = L_k@U\n",
    "         \n",
    "    # find L\n",
    "#     L_arr.reverse()\n",
    "#     P_arr.reverse()\n",
    "    \n",
    "    for i in range(1, len(P_arr)):\n",
    "        L_arr[i-1] = P_arr[i]@L_arr[i-1]@np.linalg.inv(P_arr[i])\n",
    "        \n",
    "    P_inv = P_arr[0]\n",
    "    for pi in P_arr[1:-1]:\n",
    "        P_inv = pi@P_inv\n",
    "    \n",
    "    L_pri = L_arr[0]\n",
    "    for li in L_arr[1:-1]:\n",
    "        L_pri = li@L_pri\n",
    "        \n",
    "    L_inv = L_pri@P_inv\n",
    "    \n",
    "\n",
    "#     for i in range(1, len(L_arr)):\n",
    "#         L_arr[i] = P_arr[i-1]@L_arr[i]@np.linalg.inv(P_arr[i-1])\n",
    "    \n",
    "#     Linv = np.copy(L_arr[0])\n",
    "#     for Li in L_arr[1:]:\n",
    "#         Linv = Linv@Li\n",
    "        \n",
    "#     for Pi in P_arr:\n",
    "#         Linv = Linv@Pi\n",
    "        \n",
    "    L = np.linalg.inv(L_inv)\n",
    "    \n",
    "#     L = np.copy(L_arr[0])\n",
    "#     L = np.linalg.inv(L)\n",
    "#     for Li in L_arr[1:]:\n",
    "#         Linv = np.linalg.inv(Li)\n",
    "#         L = L@Linv\n",
    "        \n",
    "    return L, U"
   ]
  },
  {
   "cell_type": "code",
   "execution_count": 116,
   "metadata": {},
   "outputs": [
    {
     "name": "stdout",
     "output_type": "stream",
     "text": [
      "Pivot index: 2\n",
      "Pivot index: 2\n",
      "Pivot index: 3\n",
      "L:\n",
      " [[-5.02742502e-17  1.00000000e+00  0.00000000e+00  0.00000000e+00]\n",
      " [ 3.33333333e-01 -1.00000000e+00 -6.25000000e-01  1.00000000e+00]\n",
      " [ 1.00000000e+00  0.00000000e+00  0.00000000e+00  0.00000000e+00]\n",
      " [-5.00000000e-01 -1.66666667e-01  1.00000000e+00  7.50622485e-18]]\n",
      "\n",
      "U:\n",
      " [[ 6.      2.      3.      2.    ]\n",
      " [ 0.     -2.      0.      7.    ]\n",
      " [ 0.      0.     -4.     -0.5   ]\n",
      " [ 0.      0.      0.      8.6875]]\n",
      "\n",
      "A_lu:\n",
      " [[-3.01645501e-16 -2.00000000e+00 -1.50822751e-16  7.00000000e+00]\n",
      " [ 2.00000000e+00  2.66666667e+00  3.50000000e+00  2.66666667e+00]\n",
      " [ 6.00000000e+00  2.00000000e+00  3.00000000e+00  2.00000000e+00]\n",
      " [-3.00000000e+00 -6.66666667e-01 -5.50000000e+00 -2.66666667e+00]]\n",
      "\n",
      "Norm(A - A_lu): 8.579691784155834\n"
     ]
    }
   ],
   "source": [
    "# Vb - demonstrate functionality on pre-defined matrix with 0 on diag\n",
    "A = np.array([\n",
    "    [0.,-2.,0,7],\n",
    "    [-3.,1.,1,1],\n",
    "    [6.,2.,3.,2],\n",
    "    [2.,1.,-3.,-1]\n",
    "])\n",
    "\n",
    "L, U = lu_decomp(A)\n",
    "A_lu = L@U\n",
    "print(f\"L:\\n {L}\\n\")\n",
    "print(f\"U:\\n {U}\\n\")\n",
    "print(f\"A_lu:\\n {A_lu}\\n\")\n",
    "\n",
    "print(f\"Norm(A - A_lu): {np.linalg.norm(A - A_lu)}\")"
   ]
  }
 ],
 "metadata": {
  "kernelspec": {
   "display_name": "amath2",
   "language": "python",
   "name": "amath2"
  },
  "language_info": {
   "codemirror_mode": {
    "name": "ipython",
    "version": 3
   },
   "file_extension": ".py",
   "mimetype": "text/x-python",
   "name": "python",
   "nbconvert_exporter": "python",
   "pygments_lexer": "ipython3",
   "version": "3.7.9"
  }
 },
 "nbformat": 4,
 "nbformat_minor": 4
}
